Time (s), Position (G)
0.083,	-928.1
0.100,	-876.1
0.117,	-828.1
0.133,	-801.1
0.150,	-737.1
0.167,	-696.6
0.183,	-648.6
0.200,	-626.6
0.217,	-564.5
0.233,	-514.6
0.250,	-473.6
0.267,	-450.6
0.283,	-413.6
0.300,	-389.6
0.317,	-352.6
0.333,	-326.7
0.350,	-314.8
0.367,	-311.7
0.383,	-294.6
0.400,	-284.6
0.417,	-268.8
0.433,	-252.8
0.450,	-242.8
0.467,	-230.8
0.483,	-214.8
0.500,	-217.9
0.517,	-200.8
0.533,	-186.9
0.550,	-166.8
0.567,	-158.8
0.583,	-150.9
0.600,	-150.8
0.617,	-148.8
0.633,	-139.8
0.650,	-112.9
0.667,	-99.39
0.683,	-94.86
0.700,	-88.84
0.717,	-78.79
0.733,	-60.83
0.750,	-46.84
0.767,	-42.85
0.783,	-30.84
0.800,	-24.84
0.817,	-14.87
0.833,	-7.850
0.850,	-3.853
0.867,	10.16
0.883,	9.148
0.900,	14.17
0.917,	-1.829
0.933,	-6.833
0.950,	-20.86
0.967,	-32.82
0.983,	-46.81
1.000,	-62.75
1.017,	-70.86
1.033,	-81.80
1.050,	-95.85
1.067,	-106.9
1.083,	-113.8
1.100,	-135.9
1.117,	-142.9
1.133,	-150.9
1.150,	-157.8
1.167,	-159.8
1.183,	-162.8
1.200,	-171.9
1.217,	-170.8
1.233,	-178.8
1.250,	-179.8
1.267,	-180.8
1.283,	-180.9
1.300,	-187.8
1.317,	-173.8
1.333,	-174.8
1.350,	-172.8
1.367,	-174.8
1.383,	-169.9
1.400,	-174.8
1.417,	-173.8
1.433,	-159.8
1.450,	-162.9
1.467,	-165.9
1.483,	-173.9
1.500,	-175.8
1.517,	-175.9
1.533,	-172.8
1.550,	-168.8
1.567,	-164.9
1.583,	-164.8
1.600,	-168.8
1.617,	-166.8
1.633,	-176.8
1.650,	-184.8
1.667,	-190.8
1.683,	-199.9
1.700,	-209.9
1.717,	-217.8
1.733,	-217.8
1.750,	-221.8
1.767,	-225.8
1.783,	-227.9
1.800,	-229.8
1.817,	-230.8
1.833,	-232.9
1.850,	-232.9
1.867,	-233.8
1.883,	-233.8
1.900,	-235.8
1.917,	-237.9
1.933,	-240.9
1.950,	-240.1
1.967,	-239.9
1.983,	-239.3
2.000,	-239.4
2.017,	-239.8
2.033,	-239.8
2.050,	-239.8
2.067,	-239.4
2.083,	-239.8
2.100,	-239.7
2.117,	-239.9
2.133,	-240.3
2.150,	-240.5
2.167,	-240.8
2.183,	-241.1
2.200,	-242.0
2.217,	-242.9
2.233,	-243.9
2.250,	-245.8
2.267,	-246.9
2.283,	-250.9
2.300,	-251.8
2.317,	-256.8
2.333,	-259.8
2.350,	-262.9
2.367,	-262.8
2.383,	-262.9
2.400,	-271.0
2.417,	-273.9
2.433,	-276.0
2.452,	-278.9
2.468,	-280.9
2.485,	-283.8
2.502,	-285.8
2.518,	-286.9
2.535,	-289.0
